------ ID ------|-Pin
0237655731423125 2731
8608335297999467 0243
5188223798896979 4413
3232712958429404 6518
5971071634079516 8374
2163697460222232 9692
1110638485028966 8514
6368522683114232 7198
8907883866322129 5666
2976311140951122 0706
4506945403222016 3299
4045189160927906 3736
3587515054094476 3691
8956872465093890 2417
9395983443752212 1568
3696786937842792 5362
8490802059087944 0155
0493305153539438 6803
9026183310846990 0635
9019449249551922 0781
7674666821541637 3297
3654698666955711 3718
0621570811748204 1829
7152085688484829 5296
4922328522695336 2040
8803824356915358 5557
7492740954134282 4551
3640990668632589 1816
3227420197426925 0547
3025524817560936 1571
3251386550280737 9962
7389425593847452 4479
6277926014309193 5515
0919371910872761 9543
1751056627327632 3626
6269042116435266 7249
0939583145700510 0431
2068226970099586 5379
9519231294614496 9776
7958455982099204 7366
0474993862662348 8108
6207421360966925 8754
0324674604787763 9977
9836783551274431 3896
4641307506214872 8393
4138861361917443 6108
7404496225889199 9026
3273816658542787 8493
2911002014868596 8553
5088967738058480 4027
6045733818160161 0315
4122702225187555 1934
9622093244908127 3795
4153830145532074 1387
9787827196859590 8912
5989955085982772 0451
3392084996367176 7487
9951753798023974 9359
9878076916616223 9828
8232428355473455 1242
0136569463448982 1859
3267634779982349 1637
9937929007141737 3960
8582051316226607 0190
0161818314412444 9782
6252871000311142 3556
1173630738292933 6438
4618862317921889 4867
8860995539695795 3106
1912011619310139 0975
8365063673485725 8319
5605746933438081 8176
5362197140198365 9344
8077288117980503 6951
1629196140722797 5708
4977690515623025 9885
1585472972033902 8179
8522569749274039 0709
0225139066141589 1768
6873104186009470 7725
5609108584562215 3763
4853325218074067 2422
0794220708047592 9661
6600880124542486 9839
7356060128495415 2386
8402098991064746 5478
3490025586160480 5826
9435271740776897 3421
0592195877561015 7433
6225112666781835 7834
5828834899173426 5623
2146971676245425 9850
9903529214855217 1458
1848265471462497 9190
5772119255283687 5612
7881208117385106 4019
7502201965153165 1494
2449755178364588 5172
6879167508142652 3132
1885383990360274 8491
2057619142373136 1651
9891165114255023 3159
6069495583873704 4667
2029053380262956 0348
8271086664584787 4305
3517494428500232 2908
5572559981636800 7471
4237661982739474 9669
8224037996068336 0458
8538912190073545 8159
7557185351338837 9809
8383829656743334 3990
2240199272385213 6212
8862128718750373 3662
8923348089278011 4907
7820393881383546 1280
4294507998798991 1429
8573031260402347 5194
1659763035110142 4740
7022361000718218 9682
1053115582882008 9189
4722052111543076 3533
9113411352499831 4625
9722990463855991 3268
6098849404293433 5392
7794987233295395 7908
5298853303590759 5238
7502098800854962 4975
2565226940027068 1682
6692556254999541 7304
3062220418876922 5842
2333006839261004 2303
3030974650005455 4237
1552558000540042 7805
8153500144851509 2013
1673937818319066 1677
0754253674102843 1124
9570636923622386 0138
7482545867375203 6628
2024413446442367 7365
3158351135155421 7583
3295775711444929 4518
0455899747171051 8081
3259298841846416 3240
1793944964096780 6992
2980327943160019 7593
9157958749098094 2657
1651863532123814 3920
0299483778686124 7520
9344159471675589 6183
1439554406699262 8587
8565054885129515 2513
1842006075752604 1739
2611138680920562 8335
0212838921148281 7878
0820483238930271 6600
7357659538367581 6159
1434725587581279 9645
5014595132348887 0521
3016485471141289 3526
7535333417747804 6705
8192371823511074 5286
1521545215926941 8791
2643838458276581 9553
0558611400729287 5833
6604308273570276 5815
8009287862140393 5762
2315881364165189 1779
9030545233467717 5403
1326407797687205 6670
9488117950463640 8279
9688803683807800 9895
8431201341257237 3953
4431243423109411 4560
6155392807243778 1025
5354998664645291 3395
2316186408083722 8284
7704997229752035 0920
9404338257844915 0893
7802859863077111 6153
8504411710218238 9467
8745078683999955 2724
9470808967644026 9028
6397544739333034 2331
0256492426400377 9363
2088232767099754 7009
6416985812362146 6655
5545391211387466 4265
4038376032519184 2964
2921389725567863 6331
7048323531971386 4766
5352337162552947 2937
0453832438283726 1089
2557414809626164 6809
8291047367202999 2672
5551637517490622 2178
9103102362837576 8611
4726340759560823 8696
8798484255514798 1978
8350174133742826 7804
5559249357352855 7163
4576514494849551 1566
4036013821196073 1282
6868431500440922 0525
8344510630828624 0322
3695518890376741 0406
4884709951199046 4445
7923886948507556 7652
9838986543012461 5329
3720498173562963 9203
5070633185322548 6393
8692575615277994 2273
7051799540838956 8320
0498584801394823 9396
3993169992908804 6448
7793717646497338 0281
4735639495392221 6990
7405735953321899 2853
5829350969943113 6642
2763654059520815 5141
0576909575993541 2039
1811826552968847 9348
8493956459560700 1867
1551390444228180 8643
6128848224931447 5619
1439719685167567 9492
1072641103019438 7447
2831398360772419 8309
6327755620440953 1587
7540271003166635 1125
1693746825592194 9079
6082630042570507 1783
4338543472532359 9593
9631131329882179 8255
4188637518125448 7532
4208598315876665 2305
4371739783947152 1562
0607584734278187 5045
3520774822229414 2536
2732049546391518 4566
0109525890417939 5559
1082791179970988 3563
5244303950060989 0107
1963141499943407 6481
4877976099920671 0980
0764371111279169 1390
4044638726955791 4227
3774833984125771 1705
3120911556503453 9858
5820893964617948 2748
3108554669419737 8667
2500448644695782 4290
3532460358273277 9663
2228122643891425 2487
2058545423958151 4790
3824449600622127 5038
3253605094224488 0070
0352672377330866 8188
8022533730835571 2142
9859637755735972 2007
2007500917305893 2629
3949113545365562 5827
5792618070132723 8704
3538191875552570 6525
6588223103759032 1609
3868538313098991 3245
7108462523681266 8619
9180273617380494 0104
6627105976888600 5386
0263877099658159 1280
1819611150974502 3044
1019180310528636 8673
8602416930543664 7690
9529176133422766 0373
5290055746731125 8884
4368226273555457 2256
9412639648201885 3472
9476853270865993 5811
8411416973267128 6706
8125030741827142 2039
4573911794395847 1457
7505769162320061 2983
3420288525312589 1939
4624607017351775 5539
2615316419355714 9841
7089756339257520 7948
8054960164436444 1194
0328160057849508 1017
6503959380905186 8165
8697117219106458 1419
6091408416993186 2516
6263811974834048 0423
1446522793368916 2469
8624693637161528 7767
2150167325301748 6962
9882331309220951 5279
9290950857067882 1153
0961834551465367 1958
6545347765066875 1408
5543030125100575 0646
1740725987934687 1805
3255743707544042 4132
8473260360002572 1012
0766928533710662 4681
9833625739956717 9222
7147920410708054 2347
2548367209572151 3774
7467424958873376 9411
5889930408194779 1108
9874143204372263 7990
9093084194205976 6016
4468841632843783 8469
1026092613470058 7860
0475478217327589 4375
8228499175402356 0601
5362144591385762 9558
3185443425878419 8578
9264148024955722 3765
2442864931925796 3775
3629561139854384 1254
5472180557295703 3347
2248723868335278 0857
7863588814766246 6945
0907385381351108 0883
2691069873375648 6244
3716824022450580 1791
2489050874223483 8260
6077757148295285 7846
4887463289351048 8392
2139624320071865 7987
8129380121665951 3146
4635590210193419 4306
4829090315951428 4425
5460099422372762 7780
4955496030704316 5237
6649333201261915 8972
0446975408266871 1143
2695832649063553 4074
8136207511160010 5462
3989634033735099 0744
0502832571730648 9885
1588707894419449 7857
9421061240977765 9350
9929580467382514 3367
5574531688787194 9997
9471015364311078 5153
9439523644339361 4340
7931109634238525 0716
2713074400602913 1025
7687323594131283 9272
5327452654342326 5516
1525708936381576 2947
6748066718343592 6811
6417105399376768 5456
4907622405760053 0192
2491379825666864 0890
5885941972196109 8092
7593379478627508 1178
5971282201578621 3170
2421129258007731 7547
8946580029045476 9604
4074005781780357 2794
6902670551113875 1351
6299766938527765 4801
1435402557621619 4908
7627502085301675 9914
7988719210208693 6436
9962757670342349 5638
6784387123832679 4481
5177638194953099 0904
2096965305678365 8768
1856075066408567 1321
9817392261091761 4110
9728287320630924 9785
8059730243460942 7171
3364590468940657 9716
0820784693858613 5371
3773540514312531 3974
4513226954383038 7458
0022573090738862 3338
9694924682482820 6505
8988872125134273 5395
5540680262962940 6838
5619904645113719 6334
6200362245093412 6580
1244175738192315 9373
0053686236568920 8791
7329637866166802 6872
4205157128321510 9087
7145260847289352 8252
1844686504278850 4508
4393847672003749 7167
7875927398433381 7596
9162813729710499 8627
6601104953567417 5459
4204813687566787 7284
8625032789843801 2390
2660368216894164 4814
0903007258485280 1852
7311676179771833 0076
0167540655820937 8106
3756789806619206 8033
5158315125974534 5246
0091298023494179 2237
9466902546378480 5827
1876247692307068 2856
4834444029749621 3982
2321599795665100 5708
6927849159394700 6298
7542942434496694 2850
9813525445432851 4088
6292186583593731 1857
5120973591366509 3744
0234165272143364 2094
3521020595929380 1540
9554010431896008 5146
8387887051068520 9264
4732741477150129 0117
4144964012459899 4231
9462603834575136 0761
1381190723818636 8641
2108536723036049 9461
8658204090311398 6658
1519568526804508 6685
6360688264271387 1844
4460098658321927 9215
8340829025689481 3699
4235474395988509 0192
6717199768621905 8487
0970591702969043 2500
3626721592413430 3574
7729982132390657 0941
3826267834223615 5380
5295874068299673 4417
1306211772924184 8246
3872745119122306 6433
6560664600251198 5516
4208715470935533 3996
1112212084848946 2129
2149973284096240 5625
2191239471592901 8568
0678038721244376 9626
9774877635434334 9141
4858256138937695 3638
2936562406567279 7321
2169757210150615 3615
4611882624967554 2295
5217844305871089 0372
7605381500372443 8861
3504786715214287 0953
2806479456791750 8391
9123622829367623 3288
8591373102296722 9723
6696229567345578 2012
4340282255521785 9907
7512002423968371 1959
6239934024792032 0794
0811184499581873 1454
0352317686014327 1633
5918783929532277 3454
0856193357628925 7662
5179648194514285 1306
2880718794968854 4555
1375571721352479 7566
2740596063586432 1496
8410009768585901 0637
9056580851655976 0858
6182285360270937 9584
6414682679432475 4400
4477336286973039 1758
6139734176120013 3774
4637966233296503 0448
2722737125763054 6181
6022835891628066 3496
1646603431502940 2204
3784940301137505 7591
6630570093450291 8141
2749564215301808 6385
6428819926065470 3336
8861790520207585 8941
5691373608497126 2236
5562267154230365 0911
8827145378923548 3398
9332697711899080 4333
3478136495488805 9020
1212412047493384 7406
0460475479403827 9686
3458932602408123 0079
9315332312168648 2662
0348663860986039 5746
2520460649862460 0087
2778908492010444 2608
7049401601538239 4334
6578132304174590 8260
4254494129507488 0222
8512304151395951 0922
1958656680866919 2727
0585639651163849 3253
3521452626531300 9984
3928787324651885 3048
