------ ID ------|-Pin
7327123637573423 9318
0973018233926199 3278
1277890754553393 4989
4732844381104074 9924
3728214822769209 6425
6552546658398590 6510
7088387931498113 5921
8528030891862675 6669
8106432036331711 0319
7989756334515502 1424
0793426657626435 1104
6783505649268192 3790
4752187209887612 6902
8407511082229742 6368
3562196086270567 6795
0171144770725549 4013
8520089770294115 5745
7175626047552775 7925
9643978744245993 3760
4178143837535285 1946
3601714382344047 6070
7355750844402611 9747
0736983682877324 8435
0952864750758019 0678
1588003156657305 1636
6224256543559339 4801
4864189244916371 0386
9318779352422264 1787
4982465513107504 4271
6158514613472497 2544
8765291838091597 9452
7191608852460334 4557
5587276313585603 7032
5087523998843838 5117
5972597222774769 1900
8873601445314259 2246
6151810003081720 0564
0954126540321831 9610
9482324580981653 8304
5496229401417240 7065
1754629650306280 6047
1880340258788424 7224
4570772477307122 8343
3311857770317237 2639
3622945791255385 9828
0707034219365797 4665
7904499593491663 1373
2090087443942289 3042
3816471628951053 9275
7812001325576662 6788
8951004141841062 0954
6312175775857389 6220
5066028236601842 7124
7016597119489050 5528
3104157869551616 8801
7409659123266207 7964
8399938738932128 8320
8465892680293103 6820
6330671405509357 4853
8744147731917443 1583
0541810596005446 8363
6575019369984594 6198
7983541697975637 7205
1937441163154900 5486
1736665506317802 5451
9683715453083571 2282
8166260727015874 9286
8053524744256838 6359
2527593743323070 2309
7245275822949435 3647
9714004234118780 4418
6226673257166506 5719
1422222865758116 9684
5031530203147561 8006
6914042101853198 6107
4433115117898950 6828
9262352984840172 4458
3373534136940563 2022
6367661126980817 3586
3903788103476262 0753
3615542002954113 2942
2010575540807154 8068
2558961186528733 6893
0939305102159838 7515
3793627428739222 5855
2823762435184010 5077
8620952450198427 2617
2458589098994293 9496
4154792985600387 1992
9824217359910689 6084
7669966087378710 8166
2594473091697486 2782
4322055161706840 8727
8087675144307530 1819
9807840644625423 1747
3883533614824812 4198
6533956343281216 5458
8322346755832162 8572
8121439194299432 8026
5098382151532048 5525
0461804908570653 6961
0145303965481090 2592
5605478174298941 9027
5657979140606652 5632
2622586688445136 0495
4572344908156571 4372
2389737776432157 8068
0856539188622439 0069
9333480207327882 3962
8240801809892329 1334
2669773289461182 1903
9031370724342131 0949
8052344636047562 4817
4439670666767380 9294
1998672054908316 2150
8267579618129025 7584
1969278693695563 4597
6205443113822447 4235
5242927579231416 1492
9751490836300921 1268
1042570630829553 6639
4694545661791338 2465
6775221106043200 6594
8832360529086960 3914
5200611282870115 9302
2228181672256352 6844
0432547789921134 2411
6363825422136474 9519
6210544907173921 3986
1990586659721928 5886
8151074484005121 9097
9792830530311842 7186
5083124225932052 5789
8101255163933966 3295
8082355835718842 5063
3569755076879802 4729
2022065761028817 3801
7886800472312564 4110
4144052362632792 7977
3206060474635187 8234
6970882691336316 2329
7055152275857675 6138
3811449691791245 7896
6735500226054388 9748
8291638447207652 6748
3650138005109045 6412
2429093688746448 8400
1332678411655067 9069
0536996767092328 0223
3891050976171661 8204
1054374517977888 5093
7200983714326080 8371
2681689291783984 8219
6634744794830947 7618
7062957790877416 0859
2522461424214146 8157
3660078053199345 1796
2498554380226848 7305
6147683964708785 2501
7253293025718104 2550
0300288658923475 4078
5493809057272286 2828
6409887406383433 6534
4716912196160271 2674
3248781556993372 4954
7720113500953432 4491
2905279886453676 0010
3158700369480654 3431
0786682684817596 5111
3593140603920906 7326
9298796227352415 0112
4054973927510417 5728
4558263296558200 1594
2652292864811313 2583
3592914063489231 1719
1122548916441380 4222
5716960233165402 0811
6559161584861142 9444
8703325318495296 8046
6247591655035288 4547
3879087001975362 4880
5030241995655548 5386
5752315795756350 9698
3839397135705220 3975
5701251143991586 4779
5610840439908110 6512
8341827407653774 1987
0999011883388796 1823
5809693903814826 1369
8996884269727835 7678
1515533689771651 6235
1198126803810186 6145
0443295918621532 9139
6326524139855297 4485
4406158083147502 7552
6681890259095277 9897
1118612480846874 7894
7144331211954030 3862
8586360361752397 9190
4058010699896851 4740
1453971882143645 9410
5191063649953603 3331
6471316280331453 1007
9925540983240253 3373
3275740060751109 5083
6296449006339208 8184
1725824354716873 3833
6887395105632880 2267
6503398873361234 1161
6469451877844898 0967
2053290506862478 9189
0655765751673207 3023
8012712821747216 8633
8221659953266505 6330
4153560635137463 9746
1649454007140898 4969
7744310484313927 4696
6028026532602177 2922
3768687359931212 6899
2506894288535323 1168
0812236835772941 8036
8005348777705947 4059
5469600426306552 1698
3688747344218914 1314
9666140201239337 7204
6554681924510293 6958
0730289001466124 0542
9951354141979493 2834
1728154128540053 5272
3814308701211412 1636
4806070699037172 1501
9422844209869839 5577
4703896978262702 1443
5414465213972111 0927
9753455712268323 0053
5417540755762496 0433
8527060287631938 5350
8460978111428819 5313
0993821378563384 0954
2181092725225155 5813
8813417402034866 7031
5552920401911245 4226
6290176071459978 2744
0654829241906037 0197
3322522716344983 1777
1897126147873318 5356
1806909208917108 3699
5968496921862023 1361
1740848429371265 1456
8522745893103733 3175
3354539876471699 0591
0323057486111876 1771
5189800051254617 3013
8450348635997087 0897
9146953476860563 9423
0129128327031592 2270
0561026988202695 8790
7148652109104734 1069
0004710711002601 3223
2366293511441680 0083
1036637979594186 2314
4785686896126684 1558
6200588811251229 0871
6044840928980916 9140
5876207406678216 8470
2692820754004788 9530
1191527364483511 9104
8054053918141066 5591
2505238168661311 8621
6687843314532704 2860
9470903787143912 3454
0202109395401320 3593
4078980447160191 1072
7328668137480169 1647
3535647946219695 3986
9449728802569015 5059
6937524042958545 8458
9248384801970267 7183
5984449485397982 9400
5297654584045880 4745
4944126289431329 1959
3731611217779212 6865
7100459546794002 4347
1442866462133450 9455
3449551187813451 2188
4139589657181896 3093
9773224444506893 9906
6367156655065799 9655
2058172284847431 9176
9944663828561352 0768
1440091919708167 7971
9480754920956376 5978
0400869776981918 4508
8934523010037047 8347
2353263643423980 2305
6293250286900654 3139
4919119551213367 8899
4016773208167460 5752
1854134015186265 1971
7887467953463934 3966
4760235324724798 3880
1474521819757381 6561
0354263743867722 9532
5294575433559091 6492
9708633506958815 6891
2663874645932940 4775
5625540340688417 3639
1236496866512869 4848
0099606081906480 5601
2647406093095902 0640
0526208798936302 6925
2567471655751933 2323
2160793387022619 5351
0483648071314121 0740
4427366813118276 8565
8193234301345830 4917
3403671659450384 8598
6343384995649678 6043
9881396145900633 4945
4006994708099012 9943
4555190707359318 2774
7746079965320892 9010
7476907476844434 1259
7829911833029719 7036
6312868184174563 6042
5464475170064184 7757
1865341265619285 0579
6752066933864637 0417
1701008267124966 5470
9763391464372502 6942
6763621389376912 1469
0182696202660418 8546
4762976232135982 0460
9599929873633282 1446
7704806965150041 3690
1644848282871020 0097
5027399870888439 0119
6969089210963468 3762
7608357390279161 1642
8513971447636939 4043
2722095171477518 4450
2350299715242784 6563
7206936381525029 1383
8193877625117176 7615
7674914062545495 3718
2292690552020991 0346
5923628910954972 0875
2994886030811149 5216
4011913113632673 6530
5239578099862173 2253
5160963818090307 0891
0774967392766585 1355
2562862061489120 0031
4090888113639489 0029
1672922948080098 0703
0871373595401450 8922
7208418688017920 6775
2275848640834031 2270
0939881659183151 5371
5750781900230528 3451
5818169928075574 6066
1813541108259332 9413
4219985511441577 1081
1082534676018129 1052
1165652062374299 5555
1581631038269115 6574
7131340008713652 1624
6625742610291626 0362
3666418592959306 7249
4705523770008692 7978
2831159176243290 6374
5765557456274507 0900
5240650308977523 1976
7251751041226842 5576
5654287597179608 3307
5213265835681145 9401
1182982223297540 1904
6648993956289009 0434
7757399619377776 8373
9938139205872467 5548
4761650787279680 1741
2317976632571118 6377
0961742946081150 9474
6238568397026736 3557
4765936095669964 6695
3271937482420001 5635
3932898677409310 6957
3915116891522843 9496
2363704311042405 5835
2174947187922869 8259
3757152967488340 9218
1025887802951523 2448
4882332375308578 6496
8840365639679512 0679
3011882451239635 5818
9778403660701831 9554
6978633334333030 0689
7610641508187165 4189
7123383441539636 0632
4532697236109633 4890
2441097261728046 1484
2151906595619221 1269
5323389447960600 8857
4305559975820253 3697
3065887763608766 2551
2552027388031689 4681
1531297664902422 8156
2793692251386900 8787
4976328355974000 9337
6854756854593478 8714
2218249394052810 3700
1516186079611905 3984
5117929499526808 9606
5886783392743934 3385
4571481363121900 9638
8343487737273287 2120
4325556411514960 9302
2425602046182547 2235
5862042192629877 8282
8130699115683505 9399
7518386324817133 0563
0315843992867170 0332
7154219466781131 5604
8925295241732497 5933
7310451131722195 3797
8812501215608904 6370
7649736208208353 5689
3413329058224644 9282
2021596384210376 7885
7093857786928434 5273
8171447447919857 4444
2661225764345071 6450
3422591136564398 5673
0087278826972327 2387
1555165825245210 9283
0912430860688359 0374
8995325366665992 4103
1639200438819793 2468
2450642052381603 7072
0760555711747243 8665
8949864763971598 2474
7404960726527147 7045
4627335672248217 8372
1248306012558022 3903
3271609636048653 7358
5054298808132040 1564
1811464199162826 9049
0522692940568695 4685
5029046072178426 5679
9279174533305525 1870
0900528005990911 6581
0135853250289204 6947
6688519370691950 7042
0602138945801718 8017
0974846760088201 5919
6929837750689549 1077
2960382195254643 9127
3874614713534357 1981
4389932166824762 8201
5769219319652742 2830
4321093835994706 8129
1073737920283415 5739
4409105229150089 4618
8384709575439423 6058
9831141522327166 3612
1562185802603214 8410
6425712373509320 4084
4747183924110560 6835
2053403804443946 7951
4824594279910544 5047
6839995892032297 3413
3145891517276787 7366
7819208660903571 4967
6044722470268372 4680
8921502110970547 0847
8668032691672909 1212
2214772958754356 8828
1973083326770019 8593
5610168941972914 9693
4604643412070193 9756
0634560621067206 8620
0291586771308665 3927
0448666548753660 4273
6034929213117516 4718
6031611261521182 3744
3650376969049357 7993
0553636122570204 1658
8529107896113841 3227
5955451537534835 0259
0824667192961615 3516
4828676691710958 8529
7358986439277486 1442
7249390162237748 6021
9498974239503926 0207
6203261883997088 9212
3656575797459783 3132
4513514545993460 1372
0299195608863209 3669
3596078305809712 9699
7980109767693775 4506
